10001100
00001010
00000000
00001100
10001100
00001001
00000000
00010000
00000001
00001000
01000000
00100011
00010001
00101000
00000000
00000011 //
00000001
01101010
01011000
00100001
00100101
00001000
00000000
00000001
00001000
00000000
00000000
00000011
10101100
00001011
00000000
00010000
11111111
11111111
11111111
11111111
11111111
11111111
11111111
11111111
10001101
00001010
00000000
00001100
00100100
11101011
00000000
00000100
10001101
01101001
00000000
00001100
00000001
01001001
01100000
00100001
00000001
01001001
01010000
00100001
00000001
01001001
01010000
00100011
00000001
00101011
01101000
00100100
00000001
00101011
01110000
00100101
00000001
00101011
01111000
00100111
10101101
00101111
11111111
11101100
00010001
00101110
00000000
00000001
11111111
11111111
11111111
11111111
10001100
00000001
00000000
00000000
10001101
10000010
11111111
11111100
00000000
00100010
00011000
00100001
10101100
00000011
00000000
00000100
11111111
11111111
11111111
11111111